name, 0 16;
1, 42 36;
2, 0;
3, 46;
4, 0;
5, 42 38 36;
6, 0;
7, 46;
8, 0;
9, 42 36;
10, 0;
11, 0;
12, 46;
13, 42 36;
14, 42;
15, 46 42;
16, 42;
name, 411 16;
17, 42 36;
18, 0;
19, 0;
20, 0;
21, 42 36;
22, 0;
23, 0;
24, 0;
25, 42 36;
26, 0;
27, 0;
28, 0;
29, 42 36;
30, 0;
31, 0;
32, 0;
name, 412 16;
33, 42 38 36;
34, 0;
35, 46;
36, 0;
37, 42 38 36;
38, 0;
39, 46;
40, 0;
41, 42 36;
42, 42;
43, 46;
44, 36;
45, 42 38 36;
46, 42;
47, 46 42 38 36;
48, 42 38;
name, 413 16;
49, 42 36;
50, 0;
51, 46 42;
52, 42 36;
53, 42 38 36;
54, 0;
55, 46 42;
56, 0;
57, 42 36;
58, 0;
59, 46 42;
60, 42 36;
61, 42 38 36;
62, 42;
63, 46 42;
64, 42;
name, 421 16;
65, 42 36;
66, 0;
67, 42 38;
68, 0;
69, 42 38;
70, 0;
71, 42 38;
72, 0;
73, 42 36;
74, 0;
75, 42 38 36;
76, 0;
77, 42;
78, 0;
79, 38;
80, 0;
name, 422 16;
81, 42 36;
82, 0;
83, 46 42;
84, 42;
85, 42 38;
86, 0;
87, 46 42;
88, 42;
89, 42 36;
90, 42;
91, 46 42;
92, 42;
93, 42 38 36;
94, 42;
95, 46 42;
96, 42;
name, 423 16;
97, 42 36;
98, 42;
99, 46 42;
100, 42;
101, 42 38;
102, 42;
103, 46 42;
104, 42;
105, 42;
106, 42;
107, 46 42;
108, 42;
109, 42 38;
110, 42;
111, 46 42;
112, 42;
name, 431 16;
113, 46 42 36;
114, 38;
115, 46 36;
116, 0;
117, 42 38;
118, 38;
119, 46;
120, 0;
121, 42 38 36;
122, 0;
123, 46;
124, 46 42;
125, 42 36;
126, 42;
127, 42;
128, 42;
name, 432 16;
129, 42 36;
130, 38;
131, 46 36;
132, 0;
133, 42 38 36;
134, 38;
135, 46;
136, 0;
137, 42 36;
138, 0;
139, 46;
140, 42;
141, 42 36;
142, 42;
143, 42;
144, 42;
name, 433 16;
145, 46 42 36;
146, 38;
147, 46;
148, 0;
149, 42 38 36;
150, 0;
151, 46;
152, 0;
153, 42 36;
154, 42;
155, 46;
156, 46;
157, 42 36;
158, 42;
159, 42;
160, 42;
name, 441 16;
161, 42 36;
162, 0;
163, 0;
164, 0;
165, 42 36;
166, 0;
167, 0;
168, 0;
169, 42 36;
170, 0;
171, 0;
172, 0;
173, 42 36;
174, 0;
175, 46;
176, 0;
name, 442 16;
177, 42 36;
178, 0;
179, 42 36;
180, 0;
181, 42 36;
182, 0;
183, 46 42;
184, 42;
185, 42 36;
186, 0;
187, 46 42;
188, 42;
189, 42 36;
190, 0;
191, 46 42;
192, 42;
name, 443 16;
193, 46 42 36;
194, 46 42 36;
195, 46 42;
196, 42;
197, 46 42 38 36;
198, 42;
199, 46 42;
200, 42;
201, 46 42 36;
202, 42;
203, 46 42;
204, 0;
205, 46 42 38 36;
206, 42;
207, 46 42;
208, 42;
